-25  -0.00164163   0.00132719
-24.75  -0.00179934   0.00128588
-24.5  -0.00192802   0.00122826
-24.25  -0.00202494   0.00117967
-24  -0.00210821   0.00114359
-23.75  -0.00217757   0.00111499
-23.5  -0.00224221   0.00109034
-23.25  -0.00230586   0.00106971
-23  -0.00236984   0.00105275
-22.75  -0.00243516   0.00103903
-22.5  -0.00250206   0.00102809
-22.25  -0.00257076   0.00101958
-22  -0.00264149   0.00101319
-21.75  -0.00271447   0.00100868
-21.5  -0.00278991   0.00100584
-21.25  -0.002868   0.00100453
-21  -0.00294895   0.00100461
-20.75  -0.00303297   0.00100598
-20.5  -0.00312027   0.00100855
-20.25  -0.00321105   0.00101226
-20  -0.00330556   0.00101704
-19.75  -0.00340403   0.00102287
-19.5  -0.00350672   0.0010297
-19.25  -0.00361389   0.00103752
-19  -0.00372583   0.00104629
-18.75  -0.00384286   0.00105602
-18.5  -0.00396529   0.00106669
-18.25  -0.00409348   0.00107831
-18  -0.00422782   0.00109088
-17.75  -0.00436872   0.00110441
-17.5  -0.00451663   0.00111892
-17.25  -0.00467202   0.00113442
-17  -0.00483542   0.00115094
-16.75  -0.00500741   0.0011685
-16.5  -0.00518859   0.00118714
-16.25  -0.00537966   0.00120687
-16  -0.00558134   0.00122776
-15.75  -0.00579445   0.00124983
-15.5  -0.00601988   0.00127313
-15.25  -0.0062586   0.00129771
-15  -0.00651168   0.00132363
-14.75  -0.00678032   0.00135095
-14.5  -0.00706581   0.00137972
-14.25  -0.00736962   0.00141003
-14  -0.00769334   0.00144193
-13.75  -0.00803878   0.00147551
-13.5  -0.00840793   0.00151084
-13.25  -0.00880303   0.00154802
-13  -0.00922658   0.00158713
-12.75  -0.0096814   0.00162826
-12.5  -0.0101707   0.00167152
-12.25  -0.010698   0.00171699
-12  -0.0112675   0.00176477
-11.75  -0.0118838   0.00181496
-11.5  -0.0125522   0.00186763
-11.25  -0.0132788   0.00192287
-11  -0.0140708   0.00198074
-10.75  -0.0149362   0.00204125
-10.5  -0.0158846   0.0021044
-10.25  -0.016927   0.00217011
-10  -0.0180767   0.00223824
-9.75  -0.019349   0.00230851
-9.5  -0.0207625   0.00238048
-9.25  -0.0223393   0.00245347
-9  -0.0241061   0.00252646
-8.75  -0.0260956   0.00259796
-8.5  -0.0283481   0.00266575
-8.25  -0.0309134   0.00272663
-8  -0.0338545   0.00277586
-7.75  -0.0372513   0.00280646
-7.5  -0.0412074   0.00280802
-7.25  -0.0458586   0.00276477
-7  -0.0513865   0.00265238
-6.75  -0.0580394   0.00243251
-6.5  -0.0661651   0.00204293
-6.25  -0.076265   0.00137918
-6  -0.0890874   0.000258091
-5.75  -0.105797   -0.0016591
-5.5  -0.128303   -0.00504343
-5.25  -0.159934   -0.0113485
-5  -0.206974   -0.0241255
-4.75  -0.28239   -0.053644
-4.5  -0.414179   -0.137791
-4.25  -0.617437   -0.46481
-4  0.00494645   -1.22678
-3.75  0.594922   -0.529206
-3.5  0.461117   -0.217916
-3.25  0.359821   -0.118369
-3  0.298764   -0.0757066
-2.75  0.260322   -0.0532603
-2.5  0.235068   -0.0396433
-2.25  0.218059   -0.0304534
-2  0.206585   -0.0238994
-1.75  0.199389   -0.0192218
-1.5  0.195932   -0.0155697
-1.25  0.195726   -0.0124225
-1  0.198592   -0.00946147
-0.75  0.20489   -0.00636707
-0.5  0.21455   -0.00306635
-0.25  0.22852   0.000809677
0  0.247552   0.00565387
0.25  0.274043   0.0134225
0.5  0.311733   0.0246613
0.75  0.366024   0.0428138
1  0.447912   0.0756354
1.25  0.579556   0.144253
1.5  0.80812   0.321225
1.75  1.15261   0.949272
2  -0.082248   2.46954
2.25  -1.32018   0.939095
2.5  -0.98585   0.299742
2.75  -0.776852   0.107849
3  -0.678308   0.0161366
3.25  -0.652278   -0.0595503
3.5  -0.693052   -0.175989
3.75  -0.781657   -0.489256
4  -0.199491   -1.18514
4.25  0.472215   -0.463263
4.5  0.294226   -0.129592
4.75  0.177033   -0.0449129
5  0.113412   -0.0162727
5.25  0.0762645   -0.00453292
5.5  0.0530184   0.000831879
5.75  0.037678   0.00341425
6  0.0271377   0.00465859
6.25  0.0196664   0.00521647
6.5  0.014239   0.00540741
6.75  0.0102184   0.00539806
7  0.00719276   0.0052794
7.25  0.00488672   0.00510282
7.5  0.0031111   0.00489799
7.75  0.00173282   0.00468226
8  0.000656341   0.00446579
8.25  -0.000188139   0.00425447
8.5  -0.000852419   0.00405158
8.75  -0.00137546   0.00385882
9  -0.00178692   0.00367691
9.25  -0.00210963   0.00350599
9.5  -0.00236133   0.00334582
9.75  -0.0025559   0.00319599
10  -0.00270434   0.00305595
10.25  -0.00281538   0.00292511
10.5  -0.00289601   0.00280287
10.75  -0.00295187   0.00268864
11  -0.00298751   0.00258184
11.25  -0.00300664   0.00248193
11.5  -0.00301229   0.00238841
11.75  -0.00300695   0.0023008
12  -0.00299265   0.00221867
12.25  -0.00297109   0.00214163
12.5  -0.00294366   0.00206929
12.75  -0.00291152   0.00200132
13  -0.00287563   0.00193742
13.25  -0.00283679   0.0018773
13.5  -0.00279566   0.0018207
13.75  -0.00275281   0.00176738
14  -0.0027087   0.00171713
14.25  -0.00266371   0.00166974
14.5  -0.00261818   0.00162503
14.75  -0.00257236   0.00158285
15  -0.00252648   0.00154302
15.25  -0.00248073   0.00150543
15.5  -0.00243526   0.00146993
15.75  -0.00239021   0.00143642
16  -0.00234567   0.00140478
16.25  -0.00230172   0.00137492
16.5  -0.00225844   0.00134675
16.75  -0.00221589   0.0013202
17  -0.0021741   0.00129519
17.25  -0.00213312   0.00127165
17.5  -0.00209296   0.00124953
17.75  -0.00205364   0.00122878
18  -0.00201518   0.00120936
18.25  -0.0019776   0.00119122
18.5  -0.00194088   0.00117434
18.75  -0.00190504   0.0011587
19  -0.00187008   0.00114427
19.25  -0.00183599   0.00113105
19.5  -0.00180278   0.00111903
19.75  -0.00177043   0.00110823
20  -0.00173895   0.00109866
20.25  -0.00170833   0.00109034
20.5  -0.00167858   0.00108333
20.75  -0.00164969   0.00107768
21  -0.00162167   0.00107346
21.25  -0.00159453   0.00107078
21.5  -0.00156827   0.00106976
21.75  -0.00154292   0.00107059
22  -0.00151851   0.00107348
22.25  -0.00149505   0.00107873
22.5  -0.0014726   0.00108675
22.75  -0.00145118   0.00109808
23  -0.00143082   0.00111353
23.25  -0.00141209   0.00113422
23.5  -0.00139565   0.00116192
23.75  -0.00138349   0.00119951
24  -0.00137998   0.0012516
24.25  -0.00138089   0.00131842
24.5  -0.00139141   0.00139468
24.75  -0.00141816   0.0014546
